2128.0 2317.0 1
1794.0 2522.0 5
3087.0 2482.0 3
3174.0 2492.0 3
3408.0 2718.0 3
3195.0 2080.0 2
3030.0 2605.0 3
2097.0 2401.0 1
2125.0 2344.0 1
1784.0 2217.0 4
1790.0 2237.0 4
2101.0 2389.0 1
3177.0 2193.0 2
3160.0 2135.0 2
2179.0 2381.0 1
3216.0 2426.0 3
3223.0 2413.0 3
2071.0 2335.0 1
3300.0 2624.0 3
1864.0 2489.0 5
2166.0 2320.0 1
3210.0 2213.0 2
1952.0 2269.0 4
3262.0 2581.0 3
3182.0 2513.0 3
3270.0 2744.0 3
1786.0 2612.0 5
1751.0 2062.0 4
1869.0 2121.0 4
3077.0 2677.0 3
3212.0 2574.0 3
1923.0 2591.0 5
3271.0 2151.0 2
1799.0 2402.0 5
2128.0 2367.0 1
3189.0 2484.0 3
2105.0 2314.0 1
1877.0 1963.0 4
1920.0 2219.0 4
1892.0 2715.0 5
1817.0 2605.0 5
3221.0 2381.0 3
1728.0 2189.0 4
1953.0 2584.0 5
1924.0 2175.0 4
3215.0 2131.0 2
3282.0 2071.0 2
3256.0 2184.0 2
1782.0 2631.0 5
3083.0 2625.0 3
1888.0 2631.0 5
1660.0 2511.0 5
1797.0 2110.0 4
2084.0 2350.0 1
1815.0 2560.0 5
1884.0 2595.0 5
1986.0 2354.0 1
1872.0 2060.0 4
3175.0 2171.0 2
3151.0 2669.0 3
1697.0 2140.0 4
3100.0 2505.0 3
3196.0 2104.0 2
2052.0 2367.0 1
1829.0 2540.0 5
1823.0 2643.0 5
2053.0 2320.0 1
3320.0 2197.0 2
3272.0 2205.0 2
3146.0 2773.0 3
1913.0 2475.0 5
3254.0 2145.0 2
3128.0 2664.0 3
1894.0 2205.0 4
3203.0 2514.0 3
3209.0 2099.0 2
1876.0 2093.0 4
2065.0 2407.0 1
2113.0 2464.0 1
3235.0 2591.0 3
1865.0 2071.0 4
3174.0 2048.0 2
2101.0 2436.0 1
1770.0 2710.0 5
2054.0 2375.0 1
2086.0 2012.0 4
3288.0 2151.0 2
1842.0 2074.0 4
1807.0 1904.0 4
2092.0 2314.0 1
3235.0 2019.0 2
3141.0 2198.0 2
2065.0 2431.0 1
2171.0 2353.0 1
2166.0 2393.0 1
3229.0 2661.0 3
2103.0 2297.0 1
3256.0 2093.0 2
1816.0 2512.0 5
1790.0 2510.0 5
1921.0 2627.0 5
2124.0 2393.0 1
3244.0 2159.0 2
3170.0 2097.0 2
3259.0 2554.0 3
3126.0 2659.0 3
3193.0 2439.0 3
1908.0 2055.0 4
1792.0 2135.0 4
1869.0 2076.0 4
2157.0 2279.0 1
1651.0 2180.0 4
1861.0 2058.0 4
3288.0 2219.0 2
3270.0 2129.0 2
1940.0 2575.0 5
3206.0 2055.0 2
3143.0 2079.0 2
1827.0 2088.0 4
1816.0 2299.0 4
1996.0 2395.0 1
3353.0 2476.0 3
1917.0 2158.0 4
1850.0 2531.0 5
1929.0 2154.0 4
1983.0 2395.0 1
3219.0 2226.0 2
3373.0 2779.0 3
1962.0 2209.0 4
2105.0 2305.0 1
3200.0 2259.0 2
3178.0 2132.0 2
1878.0 2615.0 5
1907.0 2543.0 5
1991.0 2163.0 4
3306.0 2452.0 3
2200.0 2407.0 1
1796.0 2510.0 5
1884.0 2567.0 5
2073.0 2484.0 5
2097.0 2424.0 1
1883.0 2307.0 4
2046.0 2287.0 1
1854.0 2546.0 5
3408.0 2526.0 3
1982.0 2557.0 5
3234.0 2522.0 3
1953.0 2128.0 4
2046.0 2201.0 4
3259.0 2163.0 2
1944.0 2208.0 4
1967.0 2568.0 5
3189.0 2675.0 3
3185.0 2509.0 3
3423.0 2656.0 3
1729.0 2415.0 5
1737.0 2670.0 5
2017.0 2081.0 4
1772.0 2072.0 4
1762.0 2744.0 5
2188.0 2380.0 1
2029.0 2390.0 1
1869.0 2020.0 4
1858.0 2207.0 4
2116.0 2449.0 1
3278.0 2540.0 3
3252.0 2688.0 3
3259.0 2182.0 2
3168.0 2045.0 2
1970.0 2355.0 1
3002.0 2612.0 3
2186.0 2306.0 1
1919.0 2204.0 4
1799.0 2567.0 5
1804.0 2098.0 4
3150.0 2163.0 2
3184.0 2129.0 2
3251.0 2423.0 3
3295.0 2108.0 2
3264.0 2463.0 3
1882.0 2173.0 4
3137.0 2181.0 2
3186.0 2246.0 2
1879.0 2018.0 4
1788.0 2174.0 4
2099.0 2455.0 1
1878.0 1846.0 4
2062.0 2348.0 1
3331.0 2599.0 3
3162.0 2240.0 2
1827.0 2608.0 5
2237.0 2386.0 1
1771.0 2576.0 5
3238.0 2129.0 2
2089.0 2408.0 1
3221.0 2648.0 3
2047.0 2352.0 1
1839.0 2056.0 4
3197.0 2051.0 2
3208.0 2191.0 2
2093.0 2467.0 1
2141.0 2441.0 1
3216.0 2529.0 3
2111.0 2456.0 1
3150.0 2587.0 3
1837.0 2568.0 5
3161.0 2092.0 2
2085.0 2348.0 1
1898.0 2441.0 5
1716.0 2230.0 4
1998.0 2245.0 4
2090.0 2395.0 1
3180.0 2122.0 2
3091.0 2436.0 3
3203.0 2166.0 2
3126.0 2101.0 2
3272.0 2081.0 2
2052.0 2329.0 1
1902.0 2052.0 4
2169.0 2399.0 1
3173.0 2052.0 2
3214.0 2114.0 2
2092.0 2418.0 1
2125.0 2351.0 1
2092.0 2271.0 1
1819.0 1926.0 4
3157.0 2148.0 2
1851.0 2098.0 4
3187.0 2199.0 2
2017.0 2267.0 4
1731.0 2160.0 4
3132.0 2050.0 2
3210.0 2643.0 3
1756.0 2227.0 4
1876.0 2157.0 4
1869.0 1977.0 4
2125.0 2345.0 1
1978.0 2636.0 5
1847.0 2440.0 5
2081.0 2348.0 1
3189.0 2109.0 2
1845.0 2446.0 5
3231.0 2550.0 3
3140.0 2633.0 3
1875.0 2263.0 4
2108.0 2471.0 1
1883.0 2584.0 5
2103.0 2311.0 1
2029.0 2346.0 1
3194.0 2129.0 2
3293.0 2173.0 2
3402.0 2646.0 3
2151.0 2287.0 1
1856.0 2203.0 4
3325.0 2592.0 3
1837.0 2451.0 5
3173.0 2197.0 2
2084.0 2391.0 1
3096.0 2541.0 3
3129.0 2152.0 2
3255.0 2601.0 3
2096.0 2411.0 1
3127.0 2527.0 3
1908.0 2689.0 5
1837.0 2528.0 5
1737.0 2550.0 5
3364.0 2577.0 3
3066.0 2602.0 3
1710.0 2031.0 4
1851.0 2089.0 4
2095.0 2351.0 1
3306.0 2556.0 3
2137.0 2369.0 1
3131.0 2607.0 3
3294.0 2710.0 3
3139.0 2565.0 3
1831.0 2503.0 5
1898.0 2524.0 5
2163.0 2365.0 1
1886.0 2083.0 4
3368.0 2482.0 3
2021.0 2492.0 5
1894.0 2603.0 5
1873.0 2565.0 5
2118.0 2345.0 1
1908.0 2461.0 5
2111.0 2292.0 1
3111.0 2142.0 2
3217.0 2067.0 2
1812.0 2616.0 5
2145.0 2383.0 1
2166.0 2319.0 1
1833.0 2455.0 5
2053.0 2305.0 1
3219.0 2110.0 2
3415.0 2505.0 3
3226.0 2112.0 2
3284.0 2064.0 2
2031.0 2376.0 1
1885.0 2647.0 5
3170.0 2149.0 2
1783.0 1950.0 4
3269.0 2142.0 2
2104.0 2323.0 1
3176.0 2133.0 2
1863.0 2675.0 5
3069.0 2456.0 3
2051.0 2252.0 1
1815.0 2522.0 5
1824.0 1920.0 4
1936.0 2223.0 4
1851.0 2477.0 5
1868.0 2599.0 5
1740.0 2527.0 5
3442.0 2656.0 3
3175.0 2073.0 2
3173.0 2802.0 3
1799.0 2154.0 4
3267.0 2546.0 3
3314.0 2033.0 2
3043.0 2401.0 3
1779.0 2079.0 4
1959.0 2558.0 5
1978.0 2120.0 4
3258.0 2149.0 2
1937.0 2690.0 5
1827.0 2197.0 4
3327.0 2522.0 3
3075.0 2624.0 3
1799.0 2582.0 5
1834.0 2563.0 5
1998.0 2417.0 1
1916.0 2516.0 5
3233.0 2156.0 2
3163.0 2090.0 2
3158.0 2058.0 2
1904.0 1938.0 4
2140.0 2382.0 1
3261.0 2125.0 2
3176.0 2096.0 2
3180.0 2448.0 3
2058.0 2355.0 1
3258.0 2220.0 2
1881.0 2473.0 5
3185.0 2548.0 3
1660.0 2452.0 5
1977.0 2201.0 4
2095.0 2373.0 1
3047.0 2799.0 3
3095.0 2681.0 3
1704.0 2594.0 5
1775.0 2418.0 5
2113.0 2266.0 1
1939.0 2618.0 5
1816.0 2164.0 4
3092.0 2711.0 3
1920.0 2727.0 5
3287.0 2635.0 3
1883.0 1904.0 4
1790.0 2543.0 5
1812.0 2484.0 5
3140.0 2610.0 3
3015.0 2662.0 3
1671.0 2590.0 5
3172.0 2146.0 2
1880.0 2216.0 4
1744.0 2575.0 5
2072.0 2418.0 1
1792.0 2557.0 5
2192.0 2344.0 1
2110.0 2251.0 1
3162.0 2723.0 3
1888.0 2617.0 5
1815.0 2452.0 5
3085.0 2383.0 3
1935.0 2435.0 5
3111.0 2176.0 2
1849.0 2101.0 4
2166.0 2290.0 1
3140.0 2119.0 2
1775.0 2532.0 5
1718.0 2662.0 5
1920.0 2158.0 4
3160.0 2586.0 3
1815.0 2652.0 5
2206.0 2322.0 1
3263.0 2588.0 3
3299.0 2405.0 3
2094.0 2302.0 1
1898.0 2567.0 5
3282.0 2217.0 2
1857.0 2509.0 5
1913.0 2680.0 5
1846.0 1999.0 4
1872.0 2620.0 5
3201.0 2149.0 2
2130.0 2431.0 1
3141.0 2184.0 2
3188.0 2115.0 2
1829.0 2543.0 5
1817.0 2458.0 5
1711.0 2616.0 5
1978.0 2058.0 4
1864.0 2178.0 4
3240.0 2663.0 3
1841.0 2531.0 5
1647.0 2524.0 5
3368.0 2536.0 3
1809.0 2556.0 5
1954.0 2123.0 4
1821.0 2166.0 4
3221.0 2631.0 3
1849.0 2542.0 5
3269.0 2160.0 2
2135.0 2297.0 1
2141.0 2287.0 1
1879.0 2453.0 5
3144.0 2571.0 3
3227.0 2080.0 2
3210.0 2110.0 2
1927.0 2097.0 4
1674.0 2122.0 4
2128.0 2398.0 1
2037.0 2037.0 4
2111.0 2224.0 4
1794.0 2188.0 4
3240.0 2060.0 2
2044.0 2422.0 1
1873.0 2196.0 4
3124.0 2093.0 2
2163.0 2394.0 1
3137.0 2468.0 3
1814.0 2134.0 4
3146.0 2122.0 2
2126.0 2400.0 1
1728.0 2059.0 4
2036.0 2387.0 1
2103.0 2455.0 1
2175.0 2403.0 1
1960.0 2495.0 5
3204.0 2163.0 2
3282.0 2064.0 2
2153.0 2324.0 1
3269.0 2139.0 2
2034.0 2346.0 1
1873.0 2545.0 5
2184.0 2242.0 1
2038.0 2031.0 4
3227.0 2670.0 3
2066.0 2348.0 1
2082.0 2348.0 1
3237.0 2127.0 2
3190.0 2122.0 2
3227.0 2077.0 2
1759.0 2045.0 4
2076.0 2369.0 1
2064.0 2381.0 1
3154.0 2577.0 3
3171.0 2087.0 2
1825.0 2114.0 4
3205.0 2094.0 2
1844.0 2107.0 4
1771.0 2580.0 5
3186.0 2202.0 2
3179.0 2176.0 2
1830.0 2231.0 4
2116.0 2289.0 1
3315.0 2588.0 3
1803.0 2801.0 5
3192.0 2139.0 2
1739.0 2238.0 4
3182.0 2570.0 3
1867.0 2592.0 5
1931.0 2175.0 4
2255.0 2334.0 1
1840.0 2542.0 5
2056.0 2415.0 1
1897.0 2574.0 5
3130.0 2014.0 2
1975.0 2395.0 1
1808.0 2554.0 5
1850.0 2270.0 4
3241.0 2117.0 2
1892.0 2550.0 5
3224.0 2120.0 2
3226.0 2089.0 2
3263.0 2721.0 3
1885.0 2107.0 4
3106.0 2600.0 3
1795.0 2209.0 4
3018.0 2526.0 3
1851.0 2371.0 4
2147.0 2306.0 1
1910.0 2571.0 5
2009.0 2417.0 1
1843.0 2331.0 4
1900.0 2198.0 4
3066.0 2262.0 2
1865.0 2569.0 5
1848.0 2542.0 5
3327.0 2536.0 3
1985.0 2514.0 5
3029.0 2560.0 3
3033.0 2522.0 3
1962.0 2138.0 4
3189.0 2182.0 2
3234.0 2539.0 3
1847.0 2118.0 4
3228.0 2082.0 2
3218.0 2522.0 3
2204.0 2450.0 1
1865.0 2507.0 5
1895.0 2091.0 4
2102.0 2351.0 1
3131.0 2663.0 3
2154.0 2296.0 1
3302.0 2609.0 3
1782.0 2565.0 5
1856.0 2076.0 4
3255.0 2097.0 2
1828.0 1961.0 4
1866.0 2457.0 5
3151.0 2138.0 2
1736.0 2609.0 5
3176.0 2103.0 2
1944.0 2166.0 4
2208.0 2355.0 1
3207.0 2421.0 3
1812.0 2491.0 5
3132.0 2564.0 3
1874.0 2070.0 4
3251.0 2534.0 3
2115.0 2297.0 1
3143.0 2640.0 3
3236.0 2174.0 2
1860.0 2520.0 5
1818.0 2170.0 4
1842.0 2580.0 5
3250.0 2621.0 3
1866.0 2431.0 5
1867.0 2651.0 5
3165.0 2586.0 3
3135.0 2579.0 3
3189.0 2149.0 2
3273.0 2649.0 3
2148.0 2478.0 1
1931.0 2170.0 4
3200.0 2179.0 2
3267.0 2472.0 3
3239.0 2113.0 2
1874.0 2622.0 5
3159.0 2129.0 2
1807.0 2231.0 4
3209.0 2107.0 2
3139.0 2122.0 2
1791.0 2025.0 4
3372.0 2693.0 3
2979.0 2511.0 3
3202.0 2166.0 2
2183.0 2412.0 1
2117.0 2357.0 1
1903.0 2434.0 5
1837.0 1970.0 4
1777.0 2267.0 4
1696.0 2042.0 4
2206.0 2417.0 1
1863.0 1927.0 4
2086.0 2395.0 1
1774.0 2532.0 5
1908.0 2458.0 5
1852.0 2539.0 5
3376.0 2593.0 3
2019.0 2172.0 4
2087.0 2385.0 1
1910.0 2559.0 5
1643.0 2171.0 4
3207.0 2142.0 2
2991.0 2442.0 3
2027.0 2459.0 1
1810.0 2258.0 4
1756.0 2562.0 5
3193.0 2011.0 2
2062.0 2388.0 1
2081.0 2365.0 1
3305.0 2532.0 3
1864.0 2659.0 5
2101.0 2399.0 1
3274.0 2577.0 3
3154.0 2635.0 3
1665.0 2333.0 4
1773.0 2239.0 4
1805.0 2089.0 4
3277.0 2539.0 3
3207.0 2745.0 3
2208.0 2346.0 1
3329.0 2524.0 3
3142.0 2116.0 2
3201.0 2184.0 2
3242.0 2475.0 3
1876.0 2078.0 4
1784.0 1930.0 4
3165.0 2191.0 2
1716.0 2627.0 5
3109.0 2403.0 3
2106.0 2462.0 1
1838.0 2014.0 4
1781.0 2583.0 5
3031.0 2565.0 3
1921.0 2410.0 5
1769.0 2517.0 5
1880.0 2570.0 5
2105.0 2382.0 1
3206.0 2093.0 2
3260.0 2097.0 2
1887.0 2495.0 5
1859.0 2184.0 4
1821.0 2582.0 5
3241.0 2588.0 3
3295.0 2153.0 2
2196.0 2393.0 1
3096.0 2707.0 3
1909.0 2105.0 4
1838.0 1949.0 4
1794.0 2591.0 5
2112.0 2253.0 1
3106.0 2623.0 3
1926.0 2530.0 5
3272.0 2753.0 3
1886.0 2056.0 4
1830.0 2457.0 5
3181.0 2754.0 3
1778.0 2583.0 5
3178.0 2110.0 2
1865.0 2341.0 4
3160.0 2174.0 2
1896.0 2497.0 5
3207.0 2116.0 2
1811.0 2022.0 4
1802.0 2573.0 5
1905.0 2686.0 5
3133.0 2141.0 2
1780.0 2390.0 5
2084.0 2333.0 1
3198.0 2650.0 3
3164.0 2127.0 2
1785.0 2657.0 5
3071.0 2454.0 3
1795.0 2224.0 4
3139.0 2125.0 2
2037.0 2358.0 1
2010.0 2358.0 1
2023.0 2360.0 1
3237.0 2210.0 2
1845.0 1999.0 4
3136.0 2624.0 3
1930.0 2072.0 4
3096.0 2653.0 3
3181.0 2045.0 2
3170.0 2434.0 3
3216.0 2612.0 3
2104.0 2378.0 1
3347.0 2567.0 3
1826.0 2577.0 5
1900.0 2226.0 4
1736.0 2596.0 5
1787.0 2547.0 5
2106.0 2395.0 1
1847.0 2147.0 4
3175.0 2146.0 2
1852.0 2489.0 5
1691.0 2176.0 4
3324.0 2162.0 2
2059.0 2289.0 1
2089.0 2341.0 1
1837.0 2213.0 4
1872.0 2538.0 5
3155.0 2645.0 3
3266.0 2160.0 2
2127.0 2389.0 1
1801.0 2190.0 4
2168.0 2486.0 1
3235.0 2515.0 3
3083.0 2574.0 3
3232.0 2197.0 2
1852.0 2437.0 5
3133.0 2689.0 3
3062.0 2536.0 3
1767.0 2410.0 5
1765.0 2524.0 5
3148.0 2610.0 3
3235.0 2136.0 2
1682.0 1985.0 4
3424.0 2581.0 3
1879.0 2144.0 4
1934.0 2631.0 5
1748.0 2292.0 4
2154.0 2318.0 1
3345.0 2663.0 3
1820.0 2559.0 5
3215.0 2050.0 2
1806.0 2312.0 4
3126.0 2549.0 3
3207.0 2092.0 2
1883.0 2100.0 4
2055.0 2364.0 1
3167.0 2186.0 2
3166.0 2089.0 2
3270.0 2111.0 2
3265.0 2222.0 2
3235.0 2242.0 2
1890.0 2627.0 5
3145.0 2055.0 2
3260.0 2074.0 2
2015.0 2150.0 4
3060.0 2643.0 3
3186.0 2529.0 3
1822.0 2524.0 5
2135.0 2443.0 1
3253.0 2691.0 3
2214.0 2389.0 1
3109.0 2234.0 2
3152.0 2168.0 2
3244.0 2196.0 2
3183.0 2091.0 2
3170.0 2118.0 2
1762.0 2366.0 5
3188.0 2718.0 3
3138.0 2102.0 2
3172.0 2582.0 3
1870.0 2458.0 5
1849.0 2333.0 4
3241.0 2469.0 3
2199.0 2427.0 1
2098.0 2427.0 1
2184.0 2453.0 1
1854.0 2661.0 5
2036.0 2352.0 1
1893.0 1898.0 4
1809.0 2553.0 5
3099.0 2689.0 3
1795.0 2451.0 5
1770.0 2537.0 5
1910.0 2634.0 5
1850.0 1973.0 4
3461.0 2537.0 3
3168.0 2110.0 2
3121.0 2615.0 3
3225.0 2053.0 2
1918.0 2500.0 5
2056.0 2374.0 1
2124.0 2321.0 1
3365.0 2417.0 3
3200.0 2593.0 3
3231.0 2696.0 3
1748.0 2594.0 5
3250.0 2141.0 2
1865.0 2592.0 5
3254.0 2181.0 2
3318.0 2149.0 2
1868.0 2678.0 5
2247.0 2285.0 1
1925.0 2375.0 5
1716.0 1984.0 4
3311.0 2704.0 3
3130.0 2184.0 2
1834.0 2064.0 4
1845.0 2599.0 5
1794.0 2096.0 4
1907.0 2574.0 5
3132.0 2550.0 3
3204.0 2166.0 2
3342.0 2593.0 3
3172.0 2051.0 2
1595.0 2047.0 4
1741.0 2682.0 5
1734.0 2485.0 5
3230.0 2045.0 2
3160.0 2571.0 3
1859.0 2625.0 5
1910.0 2539.0 5
1847.0 2459.0 5
2186.0 2422.0 1
3253.0 2164.0 2
1942.0 2074.0 4
2078.0 2307.0 1
1839.0 2093.0 4
2106.0 2441.0 1
2231.0 2393.0 1
1798.0 2069.0 4
1823.0 2564.0 5
2101.0 2354.0 1
2036.0 2318.0 1
3317.0 2507.0 3
3145.0 2748.0 3
1943.0 2541.0 5
1805.0 2481.0 5
1709.0 2195.0 4
1836.0 2207.0 4
1963.0 2455.0 5
1783.0 2599.0 5
1949.0 1952.0 4
3220.0 2109.0 2
3255.0 2608.0 3
3194.0 2149.0 2
1934.0 2091.0 4
1812.0 2535.0 5
1895.0 2103.0 4
1894.0 2614.0 5
3177.0 2233.0 2
3329.0 2556.0 3
2060.0 2304.0 1
2123.0 2279.0 1
2052.0 1941.0 4
2103.0 2320.0 1
1834.0 2507.0 5
3255.0 2132.0 2
2118.0 2386.0 1
2003.0 2721.0 5
2073.0 2385.0 1
1891.0 2574.0 5
2082.0 2441.0 1
3185.0 2688.0 3
1975.0 2630.0 5
1946.0 2507.0 5
1729.0 2094.0 4
1821.0 2580.0 5
1920.0 2037.0 4
2008.0 2572.0 5
3242.0 2652.0 3
1827.0 2145.0 4
1733.0 2528.0 5
2100.0 2441.0 1
1756.0 2024.0 4
3180.0 2510.0 3
3069.0 2413.0 3
2132.0 2384.0 1
1874.0 2243.0 4
1944.0 2611.0 5
3202.0 2473.0 3
1939.0 2612.0 5
3045.0 2557.0 3
3165.0 2034.0 2
1797.0 2188.0 4
1885.0 2542.0 5
1871.0 2082.0 4
2028.0 2319.0 1
3200.0 2170.0 2
1713.0 2528.0 5
1846.0 2552.0 5
2105.0 2422.0 1
2135.0 2373.0 1
3159.0 2109.0 2
2170.0 2356.0 1
1906.0 2286.0 4
1873.0 2638.0 5
2089.0 2396.0 1
1795.0 2638.0 5
2035.0 2443.0 1
1896.0 2196.0 4
3080.0 2448.0 3
3285.0 2569.0 3
3189.0 2087.0 2
3161.0 2152.0 2
1859.0 2649.0 5
3234.0 2034.0 2
1853.0 2123.0 4
2028.0 2067.0 4
3180.0 2136.0 2
3283.0 2745.0 3
2219.0 2354.0 1
1898.0 2281.0 4
3159.0 2444.0 3
3215.0 2529.0 3
2205.0 2509.0 1
1767.0 1960.0 4
1725.0 2019.0 4
1898.0 2647.0 5
3226.0 2548.0 3
1947.0 2515.0 5
1839.0 2444.0 5
1875.0 2083.0 4
3132.0 2615.0 3
1779.0 2622.0 5
1925.0 2132.0 4
3266.0 2437.0 3
2004.0 2112.0 4
1905.0 2555.0 5
3335.0 2473.0 3
3257.0 2115.0 2
1822.0 1997.0 4
3143.0 2524.0 3
3177.0 2074.0 2
1797.0 2532.0 5
3181.0 2148.0 2
3207.0 2601.0 3
1931.0 2216.0 4
1707.0 2615.0 5
3308.0 2629.0 3
1681.0 2067.0 4
2114.0 2272.0 1
2042.0 2456.0 1
3220.0 2034.0 2
1660.0 2498.0 5
3114.0 2141.0 2
2157.0 2412.0 1
3186.0 2447.0 3
2123.0 2406.0 1
3149.0 2002.0 2
1751.0 2071.0 4
2180.0 2325.0 1
3272.0 2621.0 3
3221.0 2182.0 2
3154.0 2237.0 2
3213.0 2099.0 2
2102.0 2282.0 1
1932.0 2585.0 5
3320.0 2606.0 3
3209.0 2257.0 2
3088.0 2653.0 3
2144.0 2478.0 1
3215.0 2107.0 2
1792.0 2468.0 5
3167.0 2128.0 2
2136.0 2382.0 1
3195.0 2229.0 2
1765.0 2061.0 4
2089.0 2267.0 1
1803.0 2201.0 4
3197.0 2460.0 3
3181.0 2577.0 3
2051.0 2295.0 1
1811.0 2505.0 5
3220.0 2106.0 2
1846.0 2457.0 5
1904.0 2586.0 5
1795.0 2543.0 5
1918.0 2563.0 5
1820.0 2545.0 5
3220.0 2525.0 3
1888.0 2085.0 4
2084.0 2387.0 1
1876.0 2623.0 5
2076.0 2306.0 1
1915.0 2605.0 5
2133.0 2331.0 1
1816.0 2525.0 5
1879.0 2055.0 4
2066.0 2315.0 1
2121.0 2284.0 1
1790.0 2625.0 5
3091.0 2514.0 3
3271.0 2581.0 3
3236.0 2102.0 2
1764.0 2262.0 4
2127.0 2376.0 1
1783.0 2536.0 5
1863.0 1995.0 4
3209.0 2178.0 2
1991.0 2334.0 4
1782.0 2236.0 4
3174.0 2536.0 3
3200.0 2729.0 3
1910.0 2275.0 4
2186.0 2494.0 1
3271.0 2526.0 3
1631.0 2052.0 4
1924.0 2586.0 5
3142.0 2499.0 3
2242.0 2323.0 1
3367.0 2641.0 3
1783.0 2131.0 4
1753.0 2203.0 4
1921.0 2084.0 4
1824.0 2597.0 5
1764.0 2606.0 5
1925.0 2444.0 5
2032.0 2383.0 1
3136.0 2126.0 2
1897.0 2535.0 5
2040.0 2334.0 1
1961.0 1999.0 4
1794.0 2268.0 4
1803.0 2213.0 4
1756.0 2106.0 4
3237.0 2561.0 3
3274.0 2034.0 2
1782.0 2005.0 4
1797.0 2095.0 4
2023.0 2503.0 1
3201.0 2155.0 2
2071.0 2438.0 1
3220.0 2167.0 2
3222.0 2741.0 3
1765.0 2108.0 4
3078.0 2531.0 3
3243.0 2591.0 3
2110.0 2520.0 1
2053.0 2260.0 1
3163.0 2674.0 3
1845.0 2662.0 5
