1691.0 1290.0 4
1647.0 1485.0 3
1468.0 1267.0 3
2069.0 1868.0 6
2414.0 1728.0 2
2170.0 1973.0 6
1692.0 1661.0 1
1787.0 1311.0 4
1599.0 1585.0 1
1640.0 1238.0 4
1784.0 1335.0 4
2232.0 1972.0 6
2209.0 1940.0 6
1534.0 1385.0 3
1429.0 1655.0 5
2240.0 1990.0 6
1482.0 1145.0 4
2199.0 1624.0 2
2451.0 1839.0 2
2361.0 1747.0 2
2241.0 1988.0 6
1424.0 1233.0 3
2251.0 1990.0 6
2289.0 2034.0 6
1419.0 1661.0 5
1856.0 1838.0 1
2120.0 1864.0 6
2295.0 1993.0 6
1569.0 1528.0 1
1533.0 1138.0 4
1497.0 1382.0 3
1948.0 1454.0 4
1499.0 1130.0 4
1602.0 1214.0 4
2286.0 1625.0 2
1727.0 1679.0 1
1292.0 1545.0 5
2222.0 1962.0 6
2220.0 1640.0 2
2192.0 1575.0 2
1562.0 1455.0 3
1653.0 1400.0 3
2299.0 2053.0 6
2145.0 1584.0 2
1431.0 1354.0 3
1595.0 1172.0 4
1806.0 1353.0 4
1599.0 1394.0 3
1402.0 1641.0 5
1463.0 1427.0 1
2223.0 1712.0 2
1573.0 1407.0 3
1543.0 1783.0 5
2348.0 1857.0 2
1853.0 1805.0 1
2095.0 1897.0 6
1697.0 1663.0 1
1577.0 1198.0 4
2345.0 1717.0 2
1780.0 1330.0 4
1620.0 1271.0 4
1628.0 1588.0 1
1561.0 1313.0 3
1461.0 1336.0 3
2450.0 1783.0 2
1945.0 1888.0 1
1677.0 1649.0 1
1824.0 1354.0 4
1603.0 1568.0 1
2451.0 1839.0 2
2238.0 1983.0 6
2043.0 1821.0 6
2129.0 1930.0 6
2344.0 1663.0 2
2222.0 1598.0 2
2416.0 1729.0 2
1483.0 1258.0 3
1719.0 1277.0 4
1500.0 1312.0 3
1312.0 1563.0 5
1460.0 1127.0 4
1515.0 1140.0 4
1685.0 1655.0 1
1454.0 1696.0 5
1701.0 1279.0 4
2323.0 1768.0 2
1740.0 1518.0 3
2312.0 2053.0 6
1683.0 1417.0 3
1600.0 1365.0 3
1769.0 1277.0 4
1606.0 1214.0 4
1771.0 1735.0 1
1685.0 1259.0 4
1146.0 1422.0 5
2113.0 1883.0 6
1313.0 1587.0 5
1717.0 1675.0 1
2291.0 1675.0 2
1320.0 1127.0 3
1477.0 1120.0 4
1671.0 1629.0 1
1551.0 1397.0 3
2366.0 1730.0 2
2259.0 1971.0 6
2267.0 2018.0 6
1280.0 1504.0 5
1761.0 1329.0 4
1679.0 1644.0 1
2181.0 1931.0 6
2145.0 1902.0 6
2319.0 2041.0 6
1610.0 1570.0 1
1465.0 1711.0 5
1823.0 1778.0 1
2193.0 1943.0 6
1634.0 1247.0 4
2124.0 1868.0 6
1557.0 1346.0 3
1748.0 1329.0 4
1509.0 1756.0 5
2454.0 1979.0 2
1766.0 1347.0 4
1325.0 1546.0 5
1692.0 1276.0 4
1488.0 1240.0 3
1622.0 1244.0 4
2280.0 1996.0 6
2156.0 1916.0 6
1335.0 1586.0 5
1283.0 1524.0 5
2291.0 2027.0 6
1683.0 1646.0 1
1743.0 1705.0 1
1313.0 1574.0 5
1705.0 1318.0 4
1684.0 1641.0 1
1603.0 1229.0 4
1672.0 1291.0 4
2286.0 1771.0 2
2579.0 1975.0 2
2133.0 1608.0 2
1706.0 1261.0 4
1742.0 1711.0 1
1329.0 1566.0 5
2127.0 1959.0 6
1293.0 1575.0 5
2480.0 1872.0 2
1874.0 1623.0 3
1642.0 1240.0 4
1695.0 1442.0 3
1713.0 1284.0 4
1497.0 1761.0 5
2395.0 1793.0 2
2385.0 1736.0 2
1518.0 1761.0 5
1554.0 1836.0 5
1663.0 1647.0 1
1854.0 1390.0 4
1711.0 1688.0 1
1655.0 1235.0 4
2233.0 1609.0 2
1325.0 1596.0 5
1702.0 1668.0 1
2134.0 1911.0 6
1472.0 1282.0 3
1570.0 1532.0 1
1506.0 1349.0 3
1789.0 1760.0 1
1391.0 1646.0 5
1597.0 1440.0 3
1518.0 1351.0 3
1669.0 1633.0 1
2151.0 1664.0 2
1541.0 1176.0 4
1691.0 1661.0 1
1677.0 1535.0 3
2188.0 1939.0 6
1622.0 1432.0 3
2520.0 1964.0 2
1216.0 1465.0 5
1572.0 1195.0 4
1506.0 1133.0 4
1689.0 1642.0 1
1688.0 1459.0 3
1542.0 1332.0 3
1577.0 1396.0 3
2340.0 1779.0 2
2122.0 1493.0 2
1765.0 1731.0 1
1499.0 1781.0 5
1811.0 1754.0 1
2177.0 1674.0 2
1529.0 1327.0 3
1730.0 1698.0 1
1718.0 1687.0 1
2349.0 1638.0 2
1465.0 1685.0 5
2196.0 1562.0 2
1451.0 1683.0 5
1562.0 1416.0 3
1779.0 1332.0 4
1980.0 1457.0 4
2243.0 1711.0 2
1660.0 1449.0 3
1378.0 1625.0 5
1629.0 1199.0 4
1429.0 1126.0 4
1780.0 1729.0 1
2070.0 1858.0 6
2137.0 1903.0 6
2213.0 1613.0 2
1606.0 1434.0 3
2222.0 1967.0 6
1314.0 1127.0 3
1548.0 1292.0 3
1323.0 1581.0 5
1818.0 1783.0 1
2249.0 1992.0 6
1612.0 1592.0 1
1573.0 1530.0 1
1700.0 1538.0 3
2156.0 1550.0 2
1596.0 1216.0 4
1704.0 1671.0 1
1736.0 1291.0 4
1495.0 1138.0 4
1411.0 1663.0 5
2328.0 1655.0 2
2550.0 1875.0 2
1632.0 1264.0 4
2228.0 1676.0 2
1714.0 1437.0 3
1609.0 1583.0 1
1976.0 1431.0 4
2222.0 1972.0 6
2110.0 1880.0 6
2107.0 1871.0 6
1815.0 1330.0 4
1856.0 1382.0 4
1484.0 1710.0 5
1359.0 1633.0 5
1513.0 1503.0 1
1497.0 1254.0 3
1769.0 1728.0 1
1751.0 1311.0 4
1717.0 1291.0 4
1506.0 1339.0 3
2330.0 2037.0 6
2180.0 1939.0 6
1621.0 1579.0 1
1789.0 1334.0 4
1631.0 1438.0 3
1335.0 1580.0 5
2272.0 1981.0 6
1270.0 1518.0 5
1688.0 1669.0 1
2182.0 1952.0 6
1721.0 1681.0 1
1534.0 1323.0 3
1679.0 1510.0 3
1338.0 1582.0 5
2342.0 1799.0 2
2249.0 1727.0 2
2104.0 1863.0 6
1646.0 1617.0 1
2567.0 2066.0 2
1548.0 1364.0 3
2444.0 1742.0 2
2599.0 1958.0 2
1864.0 1827.0 1
1151.0 1429.0 5
2111.0 1515.0 2
1871.0 1358.0 4
1605.0 1383.0 3
1715.0 1676.0 1
2287.0 1730.0 2
1318.0 1567.0 5
1573.0 1402.0 3
1816.0 1793.0 1
2245.0 1977.0 6
1405.0 1079.0 4
1684.0 1271.0 4
2225.0 1977.0 6
2165.0 1893.0 6
2147.0 1936.0 6
1568.0 1357.0 3
2248.0 1724.0 2
1759.0 1559.0 3
1406.0 1647.0 5
1686.0 1250.0 4
1391.0 1215.0 3
1436.0 1094.0 4
1790.0 1351.0 4
2115.0 1904.0 6
1615.0 1207.0 4
1616.0 1394.0 3
2299.0 1995.0 6
1340.0 1624.0 5
1650.0 1475.0 3
1647.0 1470.0 3
2308.0 2028.0 6
2085.0 1840.0 6
1889.0 1856.0 1
2239.0 1977.0 6
1730.0 1580.0 3
1593.0 1315.0 3
2212.0 1655.0 2
1745.0 1289.0 4
2319.0 1715.0 2
2450.0 1802.0 2
2330.0 1794.0 2
1663.0 1276.0 4
1687.0 1668.0 1
2474.0 1808.0 2
1455.0 1683.0 5
1401.0 1303.0 3
2243.0 1985.0 6
1321.0 1619.0 5
1752.0 1711.0 1
1496.0 1237.0 3
1522.0 1152.0 4
2318.0 2043.0 6
2213.0 1988.0 6
1761.0 1727.0 1
2295.0 2041.0 6
1354.0 1632.0 5
1799.0 1351.0 4
2076.0 1864.0 6
1705.0 1534.0 3
1587.0 1865.0 5
1431.0 1670.0 5
1426.0 1681.0 5
1672.0 1282.0 4
1687.0 1258.0 4
2067.0 1814.0 6
2419.0 1804.0 2
1487.0 1755.0 5
1437.0 1682.0 5
1772.0 1727.0 1
2231.0 1965.0 6
1748.0 1716.0 1
1597.0 1576.0 1
1489.0 1339.0 3
2299.0 2030.0 6
2216.0 1948.0 6
1662.0 1256.0 4
1596.0 1820.0 5
2245.0 1611.0 2
1869.0 1392.0 4
1811.0 1767.0 1
2290.0 1683.0 2
2183.0 1946.0 6
2341.0 2068.0 6
1399.0 1682.0 5
1538.0 1335.0 3
2160.0 1915.0 6
2554.0 1870.0 2
1702.0 1275.0 4
1602.0 1224.0 4
1744.0 1689.0 1
1479.0 1749.0 5
2451.0 1871.0 2
2368.0 2053.0 6
2131.0 1907.0 6
1487.0 1735.0 5
1346.0 1579.0 5
2413.0 1775.0 2
1582.0 1549.0 1
1784.0 1590.0 3
1830.0 1602.0 3
2170.0 1914.0 6
1337.0 1587.0 5
2277.0 2014.0 6
1279.0 1534.0 5
1485.0 1724.0 5
1413.0 1296.0 3
2198.0 1984.0 6
2421.0 2076.0 6
1454.0 1298.0 3
2273.0 2033.0 6
1482.0 1738.0 5
1615.0 1217.0 4
1647.0 1266.0 4
2384.0 2096.0 6
1810.0 1549.0 3
1703.0 1664.0 1
1833.0 1809.0 1
1365.0 1605.0 5
1596.0 1208.0 4
2317.0 1787.0 2
1664.0 1395.0 3
1619.0 1242.0 4
1448.0 1719.0 5
1794.0 1744.0 1
1595.0 1199.0 4
1790.0 1350.0 4
1276.0 1523.0 5
2242.0 1630.0 2
1578.0 1546.0 1
1449.0 1712.0 5
1726.0 1527.0 3
1850.0 1792.0 1
1492.0 1274.0 3
1087.0 1344.0 5
1554.0 1330.0 3
2485.0 1837.0 2
1319.0 1602.0 5
1636.0 1608.0 1
1665.0 1639.0 1
1655.0 1619.0 1
1511.0 1746.0 5
1517.0 1363.0 3
2372.0 1789.0 2
1632.0 1601.0 1
2172.0 1497.0 2
1726.0 1689.0 1
2345.0 2071.0 6
1977.0 1923.0 1
1527.0 1788.0 5
1715.0 1247.0 4
1618.0 1574.0 1
2417.0 1743.0 2
1534.0 1342.0 3
1408.0 1242.0 3
2392.0 1806.0 2
1457.0 1153.0 4
1472.0 1451.0 1
1782.0 1734.0 1
1653.0 1298.0 4
2234.0 1596.0 2
1314.0 1525.0 5
2485.0 1874.0 2
1175.0 1429.0 5
2181.0 1935.0 6
1604.0 1359.0 3
2446.0 1838.0 2
1365.0 1630.0 5
1533.0 1496.0 1
1613.0 1204.0 4
2426.0 2106.0 6
2311.0 1732.0 2
1552.0 1797.0 5
1693.0 1460.0 3
2065.0 1845.0 6
1433.0 1681.0 5
1886.0 1842.0 1
2343.0 2029.0 6
2175.0 1563.0 2
2336.0 2017.0 6
1621.0 1383.0 3
1701.0 1658.0 1
2265.0 1993.0 6
1757.0 1317.0 4
2338.0 1731.0 2
2039.0 1850.0 6
2298.0 1728.0 2
2250.0 1706.0 2
1732.0 1287.0 4
1683.0 1237.0 4
1699.0 1478.0 3
1507.0 1775.0 5
1674.0 1297.0 4
1771.0 1301.0 4
1796.0 1735.0 1
2214.0 1963.0 6
1893.0 1856.0 1
1430.0 1664.0 5
1527.0 1154.0 4
2424.0 1819.0 2
2249.0 2007.0 6
2147.0 1903.0 6
1660.0 1462.0 3
2232.0 1927.0 6
1403.0 1294.0 3
1389.0 1209.0 3
1231.0 1483.0 5
2424.0 1732.0 2
1655.0 1465.0 3
1548.0 1783.0 5
2228.0 1734.0 2
1533.0 1303.0 3
1726.0 1692.0 1
2282.0 1989.0 6
1831.0 1359.0 4
1784.0 1742.0 1
1581.0 1191.0 4
1848.0 1806.0 1
1622.0 1398.0 3
2347.0 2089.0 6
1693.0 1246.0 4
1809.0 1530.0 3
1486.0 1150.0 4
2205.0 1955.0 6
2191.0 1615.0 2
2126.0 1869.0 6
2264.0 1698.0 2
1609.0 1214.0 4
1728.0 1674.0 1
1584.0 1372.0 3
2291.0 2016.0 6
1364.0 1291.0 3
1482.0 1752.0 5
1669.0 1518.0 3
1889.0 1853.0 1
1533.0 1320.0 3
2501.0 1816.0 2
2149.0 1933.0 6
1291.0 1572.0 5
2031.0 1810.0 6
1672.0 1263.0 4
1970.0 1788.0 6
2327.0 2057.0 6
1484.0 1254.0 3
1751.0 1296.0 4
2163.0 1668.0 2
1629.0 1424.0 3
1672.0 1634.0 1
1356.0 1612.0 5
1365.0 1226.0 3
1593.0 1395.0 3
1546.0 1349.0 3
2143.0 1940.0 6
2267.0 1685.0 2
1620.0 1221.0 4
2216.0 1736.0 2
2380.0 1798.0 2
1348.0 1612.0 5
1901.0 1406.0 4
1454.0 1297.0 3
2291.0 1702.0 2
1675.0 1620.0 1
1566.0 1524.0 1
1201.0 1477.0 5
1168.0 1418.0 5
1503.0 1763.0 5
1599.0 1218.0 4
1628.0 1589.0 1
1427.0 1737.0 5
1664.0 1619.0 1
2168.0 1881.0 6
2214.0 1973.0 6
2290.0 2025.0 6
1619.0 1383.0 3
1531.0 1186.0 4
1699.0 1675.0 1
2147.0 1944.0 6
1344.0 1602.0 5
2315.0 1650.0 2
1432.0 1097.0 4
2214.0 1700.0 2
1654.0 1253.0 4
2309.0 2016.0 6
2256.0 1719.0 2
1893.0 1835.0 1
1709.0 1659.0 1
1365.0 1305.0 3
2179.0 1954.0 6
1707.0 1677.0 1
1605.0 1379.0 3
1295.0 1209.0 3
1389.0 1677.0 5
1686.0 1266.0 4
1849.0 1368.0 4
1734.0 1316.0 4
1913.0 1419.0 4
1871.0 1836.0 1
1695.0 1486.0 3
2304.0 1681.0 2
1818.0 1602.0 3
1914.0 1409.0 4
1475.0 1757.0 5
1188.0 1420.0 5
2140.0 1654.0 2
2253.0 1988.0 6
1771.0 1338.0 4
1719.0 1687.0 1
1503.0 1135.0 4
2304.0 2006.0 6
1736.0 1285.0 4
2175.0 1934.0 6
2140.0 1903.0 6
2131.0 1880.0 6
1668.0 1640.0 1
1510.0 1372.0 3
2453.0 1923.0 2
2316.0 2013.0 6
1479.0 1704.0 5
2185.0 1951.0 6
1775.0 1321.0 4
2240.0 1675.0 2
1584.0 1558.0 1
1863.0 1602.0 3
1475.0 1110.0 4
1438.0 1671.0 5
2107.0 1876.0 6
1534.0 1523.0 1
1529.0 1399.0 3
2318.0 2056.0 6
1719.0 1254.0 4
1150.0 1401.0 5
2281.0 2000.0 6
1658.0 1249.0 4
1496.0 1742.0 5
2328.0 1694.0 2
1369.0 1605.0 5
2206.0 1533.0 2
1431.0 1682.0 5
1575.0 1368.0 3
1255.0 1527.0 5
1320.0 1610.0 5
2213.0 2004.0 6
2271.0 1708.0 2
2175.0 1937.0 6
1559.0 1538.0 1
1800.0 1619.0 3
2153.0 1455.0 2
2132.0 1919.0 6
1765.0 1352.0 4
1454.0 1706.0 5
1527.0 1322.0 3
2274.0 1766.0 2
1705.0 1662.0 1
1709.0 1669.0 1
1517.0 1356.0 3
1393.0 1647.0 5
1685.0 1526.0 3
1440.0 1702.0 5
1586.0 1155.0 4
1570.0 1374.0 3
1365.0 1222.0 3
1635.0 1427.0 3
2285.0 1652.0 2
1667.0 1244.0 4
2293.0 2009.0 6
1825.0 1318.0 4
1364.0 1617.0 5
2265.0 2007.0 6
1624.0 1571.0 1
1615.0 1202.0 4
1662.0 1408.0 3
2017.0 1817.0 6
1716.0 1275.0 4
1455.0 1283.0 3
1678.0 1640.0 1
1747.0 1706.0 1
1391.0 1661.0 5
2428.0 2117.0 6
1556.0 1309.0 3
2498.0 1906.0 2
1821.0 1779.0 1
1298.0 1553.0 5
1795.0 1757.0 1
1676.0 1264.0 4
1790.0 1319.0 4
2239.0 1618.0 2
2284.0 2029.0 6
1826.0 1551.0 3
1389.0 1259.0 3
1504.0 1728.0 5
1464.0 1712.0 5
1604.0 1440.0 3
2146.0 1684.0 2
1473.0 1738.0 5
1633.0 1227.0 4
1405.0 1702.0 5
2256.0 2008.0 6
1322.0 1591.0 5
2107.0 1546.0 2
1612.0 1400.0 3
2318.0 2037.0 6
2335.0 1648.0 2
1291.0 1555.0 5
1761.0 1316.0 4
2339.0 1679.0 2
1306.0 1579.0 5
1617.0 1572.0 1
2354.0 1866.0 2
2477.0 2006.0 2
2233.0 1654.0 2
2445.0 1867.0 2
2246.0 1724.0 2
2317.0 2033.0 6
1701.0 1496.0 3
1657.0 1464.0 3
1382.0 1629.0 5
1565.0 1350.0 3
1666.0 1487.0 3
1375.0 1627.0 5
1761.0 1717.0 1
1605.0 1224.0 4
1904.0 1866.0 1
2244.0 1561.0 2
2542.0 1948.0 2
1443.0 1324.0 3
2421.0 1807.0 2
2368.0 1738.0 2
2161.0 1921.0 6
1828.0 1356.0 4
1599.0 1383.0 3
1865.0 1391.0 4
2224.0 1991.0 6
1512.0 1772.0 5
1574.0 1385.0 3
1877.0 1837.0 1
1694.0 1648.0 1
1850.0 1816.0 1
2271.0 2026.0 6
2219.0 1701.0 2
1520.0 1775.0 5
2199.0 1974.0 6
1678.0 1263.0 4
2334.0 2076.0 6
1451.0 1695.0 5
2113.0 1875.0 6
1555.0 1806.0 5
1610.0 1455.0 3
2208.0 1768.0 2
1523.0 1149.0 4
2428.0 1944.0 2
2421.0 2090.0 6
1583.0 1568.0 1
2247.0 1662.0 2
1451.0 1273.0 3
1825.0 1345.0 4
1616.0 1218.0 4
2162.0 1940.0 6
2421.0 1715.0 2
1375.0 1635.0 5
2237.0 1727.0 2
2107.0 1503.0 2
2158.0 1920.0 6
1619.0 1585.0 1
2313.0 2031.0 6
1488.0 1713.0 5
1724.0 1307.0 4
2170.0 1591.0 2
1667.0 1940.0 5
2244.0 2000.0 6
1623.0 1892.0 5
1475.0 1715.0 5
1452.0 1121.0 4
1529.0 1372.0 3
1470.0 1341.0 3
1523.0 1298.0 3
1409.0 1660.0 5
2186.0 1926.0 6
2297.0 2033.0 6
2472.0 1894.0 2
1502.0 1321.0 3
2202.0 1931.0 6
2159.0 1908.0 6
2233.0 1951.0 6
1740.0 1690.0 1
2300.0 1674.0 2
1387.0 1659.0 5
1963.0 1912.0 1
1357.0 1621.0 5
1853.0 1796.0 1
2171.0 1542.0 2
1341.0 1551.0 5
2125.0 1903.0 6
1658.0 1645.0 1
1708.0 1680.0 1
1693.0 1269.0 4
1834.0 1329.0 4
2206.0 1953.0 6
2220.0 1969.0 6
1214.0 1439.0 5
1440.0 1675.0 5
1334.0 1613.0 5
2235.0 1975.0 6
1445.0 1716.0 5
2272.0 1593.0 2
1846.0 1368.0 4
1589.0 1389.0 3
1634.0 1220.0 4
2034.0 1843.0 6
1445.0 1684.0 5
2369.0 2092.0 6
1626.0 1435.0 3
1694.0 1234.0 4
1935.0 1886.0 1
1700.0 1673.0 1
1512.0 1755.0 5
2445.0 1809.0 2
2466.0 2145.0 6
2357.0 1775.0 2
1582.0 1558.0 1
2234.0 1995.0 6
2320.0 1805.0 2
2288.0 2013.0 6
1626.0 1597.0 1
1619.0 1380.0 3
2245.0 1994.0 6
2235.0 1989.0 6
1284.0 1499.0 5
2068.0 1864.0 6
1224.0 1458.0 5
1552.0 1788.0 5
1654.0 1478.0 3
1662.0 1255.0 4
2324.0 2017.0 6
1738.0 1717.0 1
1304.0 1571.0 5
1500.0 1311.0 3
1575.0 1170.0 4
1702.0 1670.0 1
1907.0 1401.0 4
1177.0 1430.0 5
1577.0 1386.0 3
2067.0 1846.0 6
1714.0 1290.0 4
2383.0 1682.0 2
1447.0 1722.0 5
2074.0 1884.0 6
1446.0 1681.0 5
1730.0 1693.0 1
2134.0 1546.0 2
2256.0 1997.0 6
2081.0 1889.0 6
1648.0 1621.0 1
2182.0 1609.0 2
1763.0 1570.0 3
2306.0 1763.0 2
1642.0 1270.0 4
2394.0 2115.0 6
1664.0 1627.0 1
2182.0 1949.0 6
1698.0 1680.0 1
1541.0 1759.0 5
1786.0 1540.0 3
1709.0 1561.0 3
1826.0 1611.0 3
1625.0 1435.0 3
2212.0 1953.0 6
2472.0 1930.0 2
1625.0 1864.0 5
1521.0 1784.0 5
2445.0 1854.0 2
1824.0 1356.0 4
1756.0 1720.0 1
1355.0 1614.0 5
1573.0 1336.0 3
1775.0 1332.0 4
1568.0 1544.0 1
1343.0 1616.0 5
1580.0 1195.0 4
2150.0 1917.0 6
1446.0 1078.0 4
2177.0 1951.0 6
2135.0 1901.0 6
1529.0 1158.0 4
1569.0 1395.0 3
1180.0 1447.0 5
1273.0 1527.0 5
1644.0 1225.0 4
1460.0 1705.0 5
2281.0 2007.0 6
1494.0 1084.0 4
1844.0 1598.0 3
1661.0 1267.0 4
1902.0 1405.0 4
2377.0 1786.0 2
2231.0 1970.0 6
2276.0 1614.0 2
1676.0 1430.0 3
1489.0 1124.0 4
1373.0 1594.0 5
1645.0 1408.0 3
1606.0 1182.0 4
1706.0 1650.0 1
1760.0 1716.0 1
2356.0 1731.0 2
2095.0 1906.0 6
2235.0 1633.0 2
1825.0 1781.0 1
1631.0 1226.0 4
1678.0 1642.0 1
2309.0 1637.0 2
1200.0 1459.0 5
1579.0 1549.0 1
1723.0 1310.0 4
2268.0 1703.0 2
2253.0 1683.0 2
1356.0 1249.0 3
1912.0 1868.0 1
2299.0 2065.0 6
1645.0 1450.0 3
2280.0 1695.0 2
1480.0 1146.0 4
2148.0 1515.0 2
2387.0 1665.0 2
1318.0 1526.0 5
2349.0 1772.0 2
1888.0 1848.0 1
2353.0 1782.0 2
1634.0 1872.0 5
2012.0 1422.0 2
1281.0 1540.0 5
1529.0 1170.0 4
1660.0 1395.0 3
1723.0 1672.0 1
2086.0 1889.0 6
1737.0 1455.0 3
2339.0 2034.0 6
2376.0 2087.0 6
1504.0 1763.0 5
2175.0 1924.0 6
2115.0 1876.0 6
1610.0 1427.0 3
1256.0 1543.0 5
2274.0 1601.0 2
2276.0 2013.0 6
1592.0 1558.0 1
2181.0 1914.0 6
1800.0 1764.0 1
2222.0 1960.0 6
1337.0 1600.0 5
2357.0 1749.0 2
2416.0 1763.0 2
1507.0 1739.0 5
1605.0 1407.0 3
1598.0 1249.0 4
1528.0 1316.0 3
1705.0 1252.0 4
1740.0 1723.0 1
2396.0 2095.0 6
1419.0 1662.0 5
2194.0 1725.0 2
1452.0 1709.0 5
1743.0 1317.0 4
1493.0 1133.0 4
1460.0 1346.0 3
1732.0 1276.0 4
1842.0 1791.0 1
1712.0 1287.0 4
1493.0 1742.0 5
2254.0 1994.0 6
1775.0 1312.0 4
1701.0 1665.0 1
1511.0 1154.0 4
1672.0 1267.0 4
1600.0 1217.0 4
1467.0 1732.0 5
1240.0 1490.0 5
2228.0 1935.0 6
2166.0 1959.0 6
1777.0 1751.0 1
2247.0 1682.0 2
2111.0 1905.0 6
1763.0 1729.0 1
1585.0 1199.0 4
1676.0 1296.0 4
1615.0 1228.0 4
1416.0 1681.0 5
1880.0 1375.0 4
1597.0 1437.0 3
1579.0 1844.0 5
1602.0 1854.0 5
1678.0 1654.0 1
2375.0 1824.0 2
1609.0 1589.0 1
2274.0 1673.0 2
1622.0 1419.0 3
1601.0 1182.0 4
1564.0 1189.0 4
1516.0 1295.0 3
1668.0 1650.0 1
1654.0 1618.0 1
1759.0 1329.0 4
2082.0 1841.0 6
1650.0 1273.0 4
1819.0 1512.0 3
1896.0 1398.0 4
1731.0 1530.0 3
2269.0 1984.0 6
2298.0 1808.0 2
1367.0 1623.0 5
1608.0 1230.0 4
1690.0 1232.0 4
1466.0 1323.0 3
1758.0 1721.0 1
2382.0 1798.0 2
2210.0 1697.0 2
1650.0 1416.0 3
1804.0 1322.0 4
1502.0 1393.0 3
2316.0 1704.0 2
1775.0 1582.0 3
1431.0 1234.0 3
1422.0 1710.0 5
1625.0 1877.0 5
1593.0 1186.0 4
1144.0 1391.0 5
1227.0 1491.0 5
1636.0 1596.0 1
1736.0 1684.0 1
1602.0 1199.0 4
2038.0 1835.0 6
